              precision    recall  f1-score   support

           0       0.33      0.51      0.40       882
           1       0.98      0.07      0.14       838
           2       0.26      0.97      0.40       888
           3       0.73      0.66      0.69       890
           4       0.74      0.35      0.47       941
           5       0.01      0.00      0.00       903
           6       0.64      0.03      0.06       841

    accuracy                           0.37      6183
   macro avg       0.53      0.37      0.31      6183
weighted avg       0.52      0.37      0.31      6183
